170
166
157
155
152
153
151
152
132
129
129
122
120
125
123
123
123
119
119
118
116
115
115
113
113
112
112
114
89
90
90
91
92
103
120
121
121
125
124
127
129
130
134
134
137
141
142
144
143
141
152
153
155
153
152
149
153
152
151
149
147
150
149
139
140
140
140
138
136
132
124
123
117
113
111
109
109
109
109
115
113
120
119
122
121
123
122
124
125
126
127
131
126
126
128
128
128
128
129
125
127
133
136
143
144
142
144
146
145
159
160
157
154
155
155
155
154
154
152
149
145
142
148
143
141
140
139
138
139
139
134
131
130
124
123
125
125
125
126
126
126
118
120
118
119
120
120
120
122
123
123
122
123
123
122
123
122
124
127
130
125
125
128
130
134
129
139
130
138
142
147
147
150
150
151
149
149
142
141
141
137
135
135
131
128
126
126
121
120
120
120
120
119
114
115
116
112
112
112
111
112
110
112
110
110
110
111
111
111
109
112
111
115
114
115
115
119
120
120
120
120
121
121
120
126
128
132
135
137
135
137
139
141
144
143
147
146
160
152
152
153
153
153
152
150
150
148
144
140
137
135
131
131
128
127
123
116
113
113
112
111
110
109
109
109
109
109
108
108
109
110
113
115
127
128
129
128
130
139
138
146
149
150
150
151
152
152
154
156
157
160
160
164
164
165
164
164
164
163
163
163
162
161
161
161
161
160
160
160
160
160
159
159
159
159
159
159
158
158
158
158
157
157
157
158
158
158
158
158
158
158
158
158
158
158
158
158
157
157
157
157
157
157
157
157
157
157
157
157
157
157
157
157
157
157
157
157
157
156
156
156
157
157
157
157
157
157
157
157
157
157
157
157
157
157
157
157
157
157
157
157
157
157
157
157
157
157
157
157
157
157
157
157
157
157
157
158
158
157
157
157
157
157
157
157
157
157
157
157
157
157
157
157
157
157
156
157
157
157
158
159
159
159
160
160
160
160
160
160
161
162
163
163
162
160
164
170
168
168
167
155
151
145
142
139
