127
114
188
245
327
360
388
351
410
404
399
369
344
289
315
314
286
-172
-171
206
225
402
478
522
580
458
449
504
435
430
459
439
434
384
379
344
322
144
159
114
215
269
350
385
439
455
402
403
398
378
364
362
354
376
200
107
177
298
155
252
288
306
331
337
342
342
336
333
326
292
282
269
249
219
198
247
192
146
203
256
113
220
239
104
-159
130
148
330
-160
-163
-167
-186
-183
145
143
139
133
-173
-183
-192
-192
-158
201
229
321
353
-158
-175
-192
-194
142
131
-150
-168
-174
-198
-165
-157
-165
177
216
-152
-160
-163
-166
-164
-154
176
214
107
139
-158
-168
-175
-190
-196
-209
-172
129
209
-176
-192
-220
-239
-229
-162
112
115
-204
-226
-242
-250
-266
-275
-285
-282
-245
-222
-204
115
178
215
-167
-195
-215
-234
-246
-248
-254
-263
-189
-236
-261
-275
-293
-308
-321
-329
-325
-320
-274
-197
132
195
-169
-192
-242
-267
-279
-292
-294
-302
-303
-177
-218
-249
-266
-286
-318
-330
-331
-324
-297
-236
125
143
-164
-193
-246
-275
-291
-310
-326
-331
-327
-312
-303
-195
-266
-286
-305
-323
-339
-351
-347
-284
122
-190
-219
-247
-284
-331
-321
-314
-225
-187
-216
-270
-312
-343
-337
-254
-252
117
163
-199
-283
-298
-322
-307
-281
-171
-151
-187
-213
-231
-227
-256
-291
-307
-329
-332
-328
-289
-168
134
-155
-210
-290
-307
-309
-308
-278
-204
-180
-191
-208
-215
-222
-234
-239
-191
-249
-248
