3862
3892
3912
3956
4001
4001
4100
4132
4161
4191
4267
4267
4317
4349
4391
4427
4454
4488
4505
4551
4580
4580
4646
4690
4743
4791
4816
4845
4876
4924
4959
4973
5017
5049
5099
5099
5099
5099
5268
5300
5319
5346
5377
5427
5730
5730
5730
5730
5730
5986
6034
6034
6034
6034
6145
6189
6220
6298
6360
6391
6455
6486
6517
6564
6580
6580
6657
6690
6721
6751
6799
6831
6864
6923
6959
6985
7020
7066
7096
7118
7157
7173
7219
7254
7360
7360
7425
7458
7472
7523
7523
7600
7626
7648
7697
7721
7833
7833
7956
7988
8030
8051
8085
8111
8148
8189
8221
8267
8580
8627
8658
8721
8744
8744
8830
8830
9037
9054
9115
9142
9189
9222
9253
9253
9330
9349
9392
9423
9423
9423
9534
9565
9583
9613
9658
9678
9735
9799
9829
9848
9893
9923
9954
10001
10036
10053
10100
10100
10167
10191
10219
10330
10361
10381
10470
10533
10894
10936
10968
10968
10968
11158
11191
11266
11266
11266
11266
11457
11501
11582
11626
11658
11697
11720
11720
11787
11830
11861
11898
11926
11983
12018
12049
12126
12159
12189
12264
12285
12331
12362
12396
12425
12502
12537
12565
12600
12626
12626
12723
12723
12829
12849
12891
12927
12971
13002
13064
13080
13362
13398
13431
13458
13487
13532
13549
13596
13630
13664
13783
13814
13864
13897
13936
13971
14003
14036
14069
14092
14111
14157
14191
14235
14259
14299
14334
14363
14380
14380
14380
14522
14565
14597
14626
14663
14691
14794
14835
14868
14893
14931
14971
15003
15017
15048
15096
15131
15163
15455
15486
15549
15599
15649
15696
15713
15713
15787
15787
15922
15973
15973
15973
15973
15973
16130
16157
16204
16236
16252
16288
16332
16362
16431
16474
16571
16596
16628
16660
16737
16751
16783
16830
16861
16907
16938
17036
17064
17095
17128
17159
17196
17232
17252
17301
17330
17362
17392
17439
17501
17501
17567
17597
17630
17971
18028
18063
18101
18127
18163
18223
18255
18283
18330
18361
18395
18430
18470
18496
18534
18569
18596
18635
18658
18690
18738
18754
18783
18815
18861
18893
18935
18971
19004
19034
19064
19103
19103
19163
19195
19279
19303
19334
19362
19400
19436
19456
19501
19519
19548
19627
19668
19735
19767
19783
19831
19861
19896
19924
19965
19994
20027
20068
20082
20438
20438
20602
20627
20658
20704
20804
20883
20931
20958
21003
21023
21064
21129
21161
21190
21235
21267
21299
21361
21396
21433
21446
21496
21530
21564
21613
21638
21638
21689
21734
21767
21784
21829
21939
21964
21985
22032
22032
22105
22130
22160
22194
22221
22256
22287
22367
22393
22801
22831
22876
22893
22923
22992
23034
23099
23127
23147
23147
23228
23301
23335
23335
23423
23533
23566
23566
23633
23660
23737
23771
23816
23873
23894
23927
23970
24001
24068
24160
24192
24269
24302
24335
24350
24393
24430
24470
24486
24486
24568
24590
24666
24704
24772
24800
24817
24862
24892
24926
24948
25035
25066
25101
25166
25193
25237
25272
25299
25315
25362
25448
25471
25516
25598
25633
25667
25706
25706
25766
25800
25897
25897
25970
26034
26034
26034
26160
26160
26273
26298
26333
26359
26392
26392
26392
26533
26571
26601
26601
26601
26601
26601
26863
26910
26910
26910
26910
27048
27096
27113
27167
27235
27235
27283
27330
27363
27363
27463
27533
27550
27586
27612
27737
27770
27801
27818
27845
27940
27940
28009
28035
28069
28112
28145
28145
28145
28236
28236
28236
28330
28409
28431
28431
28486
28526
28566
28596
28596
28718
28767
28800
28829
28829
28829
28956
28987
29005
29068
29142
29163
29197
29236
29251
29287
29287
29287
29287
29287
29287
29287
29287
29287
29287
29287
29287
29287
29287
29287
29287
29287
29287
29287
29287
29287
29287
29287
29287
29287
29287
29287
29287
29287
29287
29287
29287
29287
29287
29287
29287
29287
29287
29287
29287
29287
29287
29287
29287
29287
29287
29287
29287
29287
29287
29287
29287
29287
29287
29287
29287
29287
29287
29287
29287
29287
29287
29287
29287
29287
29287
29287
29287
29287
29287
29287
29287
29287
29287
29287
29287
29287
29287
29287
29287
29287
29287
29287
29287
29287
29287
29287
29287
29287
29287
29287
29287
29287
29287
29287
29287
29287
29287
29287
29287
29287
29287
29287
29287
29287
29287
29287
29287
29287
